t = (linspace(0, 0.384, 49))';
y = [60.5620   60.8120   61.8750   64.1250   67.7500   72.3120   77.0000...
     81.1880   84.5620   87.3750   89.7500   91.8120   93.5620   94.9380...
     95.8750   96.4380   96.6250   96.5000   96.0620   95.4380   94.4380...
     92.9380   90.6250   87.8120   85.3750   83.4380   81.9380   80.5000...
     79.1880   78.0000   76.8120   75.7500   74.6880   73.6880   72.6250...
     71.6250   70.6250   69.6880   68.7500   67.8750   67.0000   66.1250...
     65.2500   64.3120   63.3750   62.5620   61.8120   61.1880   60.7500]';